 instance ft06

 +++++++++++++++++++++++++++++
 6 6
 2 1 0 3 1  6 3  7 5  3 4 6
 1 8 2 5 4 10 5 10 0 10 3 4
 2 5 3 4 5  8 0  9 1  1 4 7
 1 5 0 5 2  5 3  3 4  8 5 9
 2 9 1 3 4  5 5  4 0  3 3 1
 1 3 3 3 5  9 0 10 4  4 2 1
 +++++++++++++++++++++++++++++

 instance ft10

 +++++++++++++++++++++++++++++
 10 10
 0 29 1 78 2  9 3 36 4 49 5 11 6 62 7 56 8 44 9 21
 0 43 2 90 4 75 9 11 3 69 1 28 6 46 5 46 7 72 8 30
 1 91 0 85 3 39 2 74 8 90 5 10 7 12 6 89 9 45 4 33
 1 81 2 95 0 71 4 99 6  9 8 52 7 85 3 98 9 22 5 43
 2 14 0  6 1 22 5 61 3 26 4 69 8 21 7 49 9 72 6 53
 2 84 1  2 5 52 3 95 8 48 9 72 0 47 6 65 4  6 7 25
 1 46 0 37 3 61 2 13 6 32 5 21 9 32 8 89 7 30 4 55
 2 31 0 86 1 46 5 74 4 32 6 88 8 19 9 48 7 36 3 79
 0 76 1 69 3 76 5 51 2 85 9 11 6 40 7 89 4 26 8 74
 1 85 0 13 2 61 6  7 8 64 9 76 5 47 3 52 4 90 7 45
 +++++++++++++++++++++++++++++

 instance ft20

 +++++++++++++++++++++++++++++
 20 5
 0 29 1  9 2 49 3 62 4 44
 0 43 1 75 3 69 2 46 4 72
 1 91 0 39 2 90 4 12 3 45
 1 81 0 71 4  9 2 85 3 22
 2 14 1 22 0 26 3 21 4 72
 2 84 1 52 4 48 0 47 3  6
 1 46 0 61 2 32 3 32 4 30
 2 31 1 46 0 32 3 19 4 36
 0 76 3 76 2 85 1 40 4 26
 1 85 2 61 0 64 3 47 4 90
 1 78 3 36 0 11 4 56 2 21
 2 90 0 11 1 28 3 46 4 30
 0 85 2 74 1 10 3 89 4 33
 2 95 0 99 1 52 3 98 4 43
 0  6 1 61 4 69 2 49 3 53
 1  2 0 95 3 72 4 65 2 25
 0 37 2 13 1 21 3 89 4 55
 0 86 1 74 4 88 2 48 3 79
 1 69 2 51 0 11 3 89 4 74
 0 13 1  7 2 76 3 52 4 45
 +++++++++++++++++++++++++++++ 

instance la01

 +++++++++++++++++++++++++++++
 10 5
 1 21 0 53 4 95 3 55 2 34
 0 21 3 52 4 16 2 26 1 71
 3 39 4 98 1 42 2 31 0 12
 1 77 0 55 4 79 2 66 3 77
 0 83 3 34 2 64 1 19 4 37
 1 54 2 43 4 79 0 92 3 62
 3 69 4 77 1 87 2 87 0 93
 2 38 0 60 1 41 3 24 4 83
 3 17 1 49 4 25 0 44 2 98
 4 77 3 79 2 43 1 75 0 96
 +++++++++++++++++++++++++++++
 
instance la10

 +++++++++++++++++++++++++++++
 15 5
 1 58 2 44 3  5 0  9 4 58
 1 89 0 97 4 96 3 77 2 84
 0 77 1 87 2 81 4 39 3 85
 3 57 1 21 2 31 0 15 4 73
 2 48 0 40 1 49 3 70 4 71
 3 34 4 82 2 80 0 10 1 22
 1 91 4 75 0 55 2 17 3  7
 2 62 3 47 1 72 4 35 0 11
 0 64 3 75 4 50 1 90 2 94
 2 67 4 20 3 15 0 12 1 71
 0 52 4 93 3 68 2 29 1 57
 2 70 0 58 1 93 4  7 3 77
 3 27 2 82 1 63 4  6 0 95
 1 87 2 56 4 36 0 26 3 48
 3 76 2 36 0 36 4 15 1  8
 +++++++++++++++++++++++++++++

instance la20

 +++++++++++++++++++++++++++++
 10 10
 6  9 1 81 4 55 2 40 8 32 3 37 0  6 5 19 9 81 7 40
 7 21 2 70 9 65 4 64 1 46 5 65 8 25 0 77 3 55 6 15
 2 85 5 37 0 40 3 24 1 44 6 83 4 89 8 31 7 84 9 29
 4 80 6 77 7 56 0  8 2 30 5 59 3 38 1 80 9 41 8 97
 0 91 6 40 4 88 1 17 2 71 3 50 9 59 8 80 5 56 7  7
 2  8 6  9 3 58 5 77 1 29 8 96 0 45 9 10 4 54 7 36
 4 70 3 92 1 98 5 87 6 99 7 27 8 86 9 96 0 28 2 73
 1 95 7 92 3 85 4 52 6 81 9 32 8 39 0 59 2 41 5 56
 3 60 8 45 0 88 2 12 1  7 5 22 4 93 9 49 7 69 6 27
 0 21 2 61 3 68 5 26 6 82 9 71 8 44 4 99 7 33 1 84
 +++++++++++++++++++++++++++++

 instance la30

 +++++++++++++++++++++++++++++
 20 10
 6 32 3 16 1 33 8 12 7 70 4 10 9 75 0 82 5 88 2 20
 8 39 4 81 3 91 5 56 9 69 1 45 6 59 0 86 2 36 7 68
 3 84 2 57 7 41 5 73 4 81 0 88 8 38 9 17 6 83 1  5
 4 20 5  6 2 15 8 19 1 30 0 94 6 45 7 17 3 18 9 88
 9 24 6 49 5 16 4 11 3 60 7  5 8 63 1 25 2 15 0 45
 1 86 8 50 2 77 6 54 9 48 0 93 3 32 7 92 5 45 4 71
 5 86 6 90 3 78 9 88 2 57 0 32 7 57 8 86 4 71 1 39
 2 59 3 18 9 31 4 41 7 20 5 83 8 65 0 54 6 94 1 69
 3 47 4 79 6 76 0 59 1 72 2  8 9 30 5 73 7 57 8 84
 0 59 2 89 4 10 7 45 3  8 5 54 6 88 8 20 9  7 1 62
 5 63 6  9 4 77 3 37 2  5 8 13 9 79 1 24 7 10 0 82
 0 74 1 32 2 61 7 53 4 92 9 20 8 10 3  5 6 45 5 23
 2 85 9 51 0 61 5 99 4 37 6 94 1 98 8 65 3 33 7 75
 0 51 3 24 5  8 6 30 7 12 8 23 2  7 4 17 9 35 1 81
 1 71 5 42 8 68 2 31 6 29 3 63 4 65 9 70 7 27 0 93
 1 28 5 38 4 51 7 70 2 33 8 78 9 45 3 90 6 54 0 72
 0 18 2 90 4 25 6 92 8 85 5 35 7 29 1 81 9 80 3 59
 5 67 2 96 1 38 4 86 0 97 3 94 7 86 6 35 9 82 8 45
 2 92 8 51 4 59 6 52 5  8 9 70 1 75 3 54 7 60 0 33
 3 98 7 80 5 78 0 82 2  7 9 89 1 69 4 51 8 79 6 62
 +++++++++++++++++++++++++++++